
theta =

   0
   0

error_train =

   2.27764
   0.00000
   0.00000
   0.00000
   0.00000
   0.00000
   0.00000
   0.00000
   0.00000
   0.00000
   0.00000
   0.00000

error_val =

   164.11579
     0.00000
     0.00000
     0.00000
     0.00000
     0.00000
     0.00000
     0.00000
     0.00000
     0.00000
     0.00000
     0.00000

error_train =

   2.27764
   1.48295
   0.00000
   0.00000
   0.00000
   0.00000
   0.00000
   0.00000
   0.00000
   0.00000
   0.00000
   0.00000

error_val =

   164.11579
   164.11579
     0.00000
     0.00000
     0.00000
     0.00000
     0.00000
     0.00000
     0.00000
     0.00000
     0.00000
     0.00000

error_train =

     2.27764
     1.48295
   197.74670
     0.00000
     0.00000
     0.00000
     0.00000
     0.00000
     0.00000
     0.00000
     0.00000
     0.00000

error_val =

   164.11579
   164.11579
   164.11579
     0.00000
     0.00000
     0.00000
     0.00000
     0.00000
     0.00000
     0.00000
     0.00000
     0.00000

error_train =

     2.27764
     1.48295
   197.74670
   317.93939
     0.00000
     0.00000
     0.00000
     0.00000
     0.00000
     0.00000
     0.00000
     0.00000

error_val =

   164.11579
   164.11579
   164.11579
   164.11579
     0.00000
     0.00000
     0.00000
     0.00000
     0.00000
     0.00000
     0.00000
     0.00000

error_train =

     2.27764
     1.48295
   197.74670
   317.93939
   255.14054
     0.00000
     0.00000
     0.00000
     0.00000
     0.00000
     0.00000
     0.00000

error_val =

   164.11579
   164.11579
   164.11579
   164.11579
   164.11579
     0.00000
     0.00000
     0.00000
     0.00000
     0.00000
     0.00000
     0.00000

error_train =

     2.27764
     1.48295
   197.74670
   317.93939
   255.14054
   212.99203
     0.00000
     0.00000
     0.00000
     0.00000
     0.00000
     0.00000

error_val =

   164.11579
   164.11579
   164.11579
   164.11579
   164.11579
   164.11579
     0.00000
     0.00000
     0.00000
     0.00000
     0.00000
     0.00000

error_train =

     2.27764
     1.48295
   197.74670
   317.93939
   255.14054
   212.99203
   198.02117
     0.00000
     0.00000
     0.00000
     0.00000
     0.00000

error_val =

   164.11579
   164.11579
   164.11579
   164.11579
   164.11579
   164.11579
   164.11579
     0.00000
     0.00000
     0.00000
     0.00000
     0.00000

error_train =

     2.27764
     1.48295
   197.74670
   317.93939
   255.14054
   212.99203
   198.02117
   173.69565
     0.00000
     0.00000
     0.00000
     0.00000

error_val =

   164.11579
   164.11579
   164.11579
   164.11579
   164.11579
   164.11579
   164.11579
   164.11579
     0.00000
     0.00000
     0.00000
     0.00000

error_train =

     2.27764
     1.48295
   197.74670
   317.93939
   255.14054
   212.99203
   198.02117
   173.69565
   155.17329
     0.00000
     0.00000
     0.00000

error_val =

   164.11579
   164.11579
   164.11579
   164.11579
   164.11579
   164.11579
   164.11579
   164.11579
   164.11579
     0.00000
     0.00000
     0.00000

error_train =

     2.27764
     1.48295
   197.74670
   317.93939
   255.14054
   212.99203
   198.02117
   173.69565
   155.17329
   140.35224
     0.00000
     0.00000

error_val =

   164.11579
   164.11579
   164.11579
   164.11579
   164.11579
   164.11579
   164.11579
   164.11579
   164.11579
   164.11579
     0.00000
     0.00000

error_train =

     2.27764
     1.48295
   197.74670
   317.93939
   255.14054
   212.99203
   198.02117
   173.69565
   155.17329
   140.35224
   130.23754
     0.00000

error_val =

   164.11579
   164.11579
   164.11579
   164.11579
   164.11579
   164.11579
   164.11579
   164.11579
   164.11579
   164.11579
   164.11579
     0.00000

error_train =

     2.2776
     1.4830
   197.7467
   317.9394
   255.1405
   212.9920
   198.0212
   173.6956
   155.1733
   140.3522
   130.2375
   140.9541

error_val =

   164.12
   164.12
   164.12
   164.12
   164.12
   164.12
   164.12
   164.12
   164.12
   164.12
   164.12
   164.12

# Training Examples	Train Error	Cross Validation Error
  	1		2.277641	164.115794
  	2		1.482953	164.115794
  	3		197.746699	164.115794
  	4		317.939392	164.115794
  	5		255.140542	164.115794
  	6		212.992031	164.115794
  	7		198.021169	164.115794
  	8		173.695645	164.115794
  	9		155.173289	164.115794
  	10		140.352236	164.115794
  	11		130.237541	164.115794
  	12		140.954121	164.115794
Program paused. Press enter to continue.
